{
 "cells": [
  {
   "cell_type": "code",
   "execution_count": 9,
   "metadata": {},
   "outputs": [],
   "source": [
    "import pandas as pd\n",
    "import numpy as np\n",
    "import matplotlib.pyplot as plt\n",
    "import seaborn as sns\n",
    "import yfinance as yf\n",
    "from yahoofinancials import YahooFinancials\n"
   ]
  },
  {
   "cell_type": "code",
   "execution_count": 10,
   "metadata": {},
   "outputs": [],
   "source": [
    "def correlation(x, y):\n",
    "    x_std = np.std(x)\n",
    "    y_std = np.std(y)\n",
    "    covv = np.cov(x, y)[0][1]\n",
    "    return covv/(x_std*y_std)\n",
    "\n",
    "\n",
    "def create_correlation_matrix(close_df):\n",
    "    col_count = len(close_df.columns)\n",
    "    data = np.ones((col_count, col_count))\n",
    "    for row_index, row_name in enumerate(close_df.columns):\n",
    "        for col_index, col_name in enumerate(close_df.columns):\n",
    "            if row_name != col_name:\n",
    "                data[row_index, col_index] = correlation(\n",
    "                    close_df[row_name], close_df[col_name])\n",
    "\n",
    "    return pd.DataFrame(data=data, index=close_df.columns,\n",
    "                        columns=close_df.columns)\n",
    "\n",
    "def portfolio_std(prices_weight_map):\n",
    "    normal_components = []\n",
    "    for value in prices_weight_map.values():\n",
    "        data = value['data']\n",
    "        weight = value['weight']\n",
    "        std = np.std(data)\n",
    "        normal_components.append((weight, std))\n",
    "\n",
    "    corr_components = {}\n",
    "    for key1 in prices_weight_map:\n",
    "        for key2 in prices_weight_map:\n",
    "            keys = [key1, key2]\n",
    "            keys.sort()\n",
    "            generated_key = f'{keys[0]}_{keys[1]}'\n",
    "            if keys[0] != keys[1] and corr_components.get(generated_key) == None:\n",
    "                map1 = prices_weight_map[keys[0]]\n",
    "                map2 = prices_weight_map[keys[1]]\n",
    "                w1, data1 = map1['weight'], map1['data']\n",
    "                w2, data2 = map2['weight'], map2['data']\n",
    "                std1 = np.std(data1)\n",
    "                std2 = np.std(data2)\n",
    "                corr = correlation(data1, data2)\n",
    "                corr_components[generated_key] = 2*w1*w2*std1*std2*corr\n",
    "\n",
    "    var = 0\n",
    "    for (weight, std) in normal_components:\n",
    "        var = var + weight**2 * std**2\n",
    "    \n",
    "    for corr_cmp in corr_components.values():\n",
    "        var = var + corr_cmp\n",
    "    std = np.sqrt(var)\n",
    "    return std\n"
   ]
  },
  {
   "cell_type": "code",
   "execution_count": 11,
   "metadata": {},
   "outputs": [
    {
     "data": {
      "text/html": [
       "<div>\n",
       "<style scoped>\n",
       "    .dataframe tbody tr th:only-of-type {\n",
       "        vertical-align: middle;\n",
       "    }\n",
       "\n",
       "    .dataframe tbody tr th {\n",
       "        vertical-align: top;\n",
       "    }\n",
       "\n",
       "    .dataframe thead th {\n",
       "        text-align: right;\n",
       "    }\n",
       "</style>\n",
       "<table border=\"1\" class=\"dataframe\">\n",
       "  <thead>\n",
       "    <tr style=\"text-align: right;\">\n",
       "      <th></th>\n",
       "      <th>AGG</th>\n",
       "      <th>COMT</th>\n",
       "      <th>GLD</th>\n",
       "      <th>PFF</th>\n",
       "      <th>QAI</th>\n",
       "      <th>SPY</th>\n",
       "      <th>UUP</th>\n",
       "      <th>VNQ</th>\n",
       "      <th>VXX</th>\n",
       "    </tr>\n",
       "  </thead>\n",
       "  <tbody>\n",
       "    <tr>\n",
       "      <th>AGG</th>\n",
       "      <td>1.000000</td>\n",
       "      <td>-0.647986</td>\n",
       "      <td>0.535276</td>\n",
       "      <td>-0.260697</td>\n",
       "      <td>0.353098</td>\n",
       "      <td>-0.512667</td>\n",
       "      <td>-0.273951</td>\n",
       "      <td>-0.484753</td>\n",
       "      <td>0.598902</td>\n",
       "    </tr>\n",
       "    <tr>\n",
       "      <th>COMT</th>\n",
       "      <td>-0.647986</td>\n",
       "      <td>1.000000</td>\n",
       "      <td>-0.329530</td>\n",
       "      <td>0.756786</td>\n",
       "      <td>-0.070904</td>\n",
       "      <td>0.946264</td>\n",
       "      <td>0.570185</td>\n",
       "      <td>0.932190</td>\n",
       "      <td>-0.944473</td>\n",
       "    </tr>\n",
       "    <tr>\n",
       "      <th>GLD</th>\n",
       "      <td>0.535276</td>\n",
       "      <td>-0.329530</td>\n",
       "      <td>1.000000</td>\n",
       "      <td>-0.113775</td>\n",
       "      <td>0.355358</td>\n",
       "      <td>-0.274035</td>\n",
       "      <td>-0.581569</td>\n",
       "      <td>-0.241289</td>\n",
       "      <td>0.322995</td>\n",
       "    </tr>\n",
       "    <tr>\n",
       "      <th>PFF</th>\n",
       "      <td>-0.260697</td>\n",
       "      <td>0.756786</td>\n",
       "      <td>-0.113775</td>\n",
       "      <td>1.000000</td>\n",
       "      <td>0.114480</td>\n",
       "      <td>0.889709</td>\n",
       "      <td>0.437882</td>\n",
       "      <td>0.895864</td>\n",
       "      <td>-0.877689</td>\n",
       "    </tr>\n",
       "    <tr>\n",
       "      <th>QAI</th>\n",
       "      <td>0.353098</td>\n",
       "      <td>-0.070904</td>\n",
       "      <td>0.355358</td>\n",
       "      <td>0.114480</td>\n",
       "      <td>1.000000</td>\n",
       "      <td>0.004932</td>\n",
       "      <td>-0.358498</td>\n",
       "      <td>-0.021409</td>\n",
       "      <td>0.111127</td>\n",
       "    </tr>\n",
       "    <tr>\n",
       "      <th>SPY</th>\n",
       "      <td>-0.512667</td>\n",
       "      <td>0.946264</td>\n",
       "      <td>-0.274035</td>\n",
       "      <td>0.889709</td>\n",
       "      <td>0.004932</td>\n",
       "      <td>1.000000</td>\n",
       "      <td>0.581702</td>\n",
       "      <td>0.980178</td>\n",
       "      <td>-0.971534</td>\n",
       "    </tr>\n",
       "    <tr>\n",
       "      <th>UUP</th>\n",
       "      <td>-0.273951</td>\n",
       "      <td>0.570185</td>\n",
       "      <td>-0.581569</td>\n",
       "      <td>0.437882</td>\n",
       "      <td>-0.358498</td>\n",
       "      <td>0.581702</td>\n",
       "      <td>1.000000</td>\n",
       "      <td>0.569492</td>\n",
       "      <td>-0.575270</td>\n",
       "    </tr>\n",
       "    <tr>\n",
       "      <th>VNQ</th>\n",
       "      <td>-0.484753</td>\n",
       "      <td>0.932190</td>\n",
       "      <td>-0.241289</td>\n",
       "      <td>0.895864</td>\n",
       "      <td>-0.021409</td>\n",
       "      <td>0.980178</td>\n",
       "      <td>0.569492</td>\n",
       "      <td>1.000000</td>\n",
       "      <td>-0.973595</td>\n",
       "    </tr>\n",
       "    <tr>\n",
       "      <th>VXX</th>\n",
       "      <td>0.598902</td>\n",
       "      <td>-0.944473</td>\n",
       "      <td>0.322995</td>\n",
       "      <td>-0.877689</td>\n",
       "      <td>0.111127</td>\n",
       "      <td>-0.971534</td>\n",
       "      <td>-0.575270</td>\n",
       "      <td>-0.973595</td>\n",
       "      <td>1.000000</td>\n",
       "    </tr>\n",
       "  </tbody>\n",
       "</table>\n",
       "</div>"
      ],
      "text/plain": [
       "           AGG      COMT       GLD       PFF       QAI       SPY       UUP  \\\n",
       "AGG   1.000000 -0.647986  0.535276 -0.260697  0.353098 -0.512667 -0.273951   \n",
       "COMT -0.647986  1.000000 -0.329530  0.756786 -0.070904  0.946264  0.570185   \n",
       "GLD   0.535276 -0.329530  1.000000 -0.113775  0.355358 -0.274035 -0.581569   \n",
       "PFF  -0.260697  0.756786 -0.113775  1.000000  0.114480  0.889709  0.437882   \n",
       "QAI   0.353098 -0.070904  0.355358  0.114480  1.000000  0.004932 -0.358498   \n",
       "SPY  -0.512667  0.946264 -0.274035  0.889709  0.004932  1.000000  0.581702   \n",
       "UUP  -0.273951  0.570185 -0.581569  0.437882 -0.358498  0.581702  1.000000   \n",
       "VNQ  -0.484753  0.932190 -0.241289  0.895864 -0.021409  0.980178  0.569492   \n",
       "VXX   0.598902 -0.944473  0.322995 -0.877689  0.111127 -0.971534 -0.575270   \n",
       "\n",
       "           VNQ       VXX  \n",
       "AGG  -0.484753  0.598902  \n",
       "COMT  0.932190 -0.944473  \n",
       "GLD  -0.241289  0.322995  \n",
       "PFF   0.895864 -0.877689  \n",
       "QAI  -0.021409  0.111127  \n",
       "SPY   0.980178 -0.971534  \n",
       "UUP   0.569492 -0.575270  \n",
       "VNQ   1.000000 -0.973595  \n",
       "VXX  -0.973595  1.000000  "
      ]
     },
     "execution_count": 11,
     "metadata": {},
     "output_type": "execute_result"
    }
   ],
   "source": [
    "# https://etfdb.com/etfs/\n",
    "# ishares_core_us_aggregate_bond_etf = 'AGG'\n",
    "# spdr_sp_500_etf_trust = 'SPY'\n",
    "# spdr_gold_shares = 'GLD'\n",
    "# tickers = [ishares_core_us_aggregate_bond_etf,\n",
    "#            spdr_sp_500_etf_trust, spdr_gold_shares]\n",
    "\n",
    "invest_df = yf.download(['QAI', 'AGG', 'GLD', 'UUP', 'SPY', 'COMT', 'PFF', 'VNQ', 'VXX'],\n",
    "                        start='2020-11-16',\n",
    "                        end='2021-11-15',\n",
    "                        progress=False)\n",
    "\n",
    "create_correlation_matrix(invest_df.Close)\n"
   ]
  },
  {
   "cell_type": "code",
   "execution_count": 12,
   "metadata": {},
   "outputs": [
    {
     "name": "stdout",
     "output_type": "stream",
     "text": [
      "QAI 0.21625256423166342  | AGG 1.3350357674313265  | GLD 4.994469178780146  | UUP 0.3367055280354709  | SPY 30.077314491385632  | COMT 3.5440018621550204  | PFF 0.5977942751332463  | VNQ 9.012852781365066  | VXX 18.151117241087245\n",
      "(45, 48, 7) 0.6133315512835757\n"
     ]
    }
   ],
   "source": [
    "print('QAI', np.std(invest_df.Close['QAI']),\n",
    "      ' | AGG', np.std(invest_df.Close['AGG']), ' | GLD', np.std(invest_df.Close['GLD']), ' | UUP', np.std(invest_df.Close['UUP']), \n",
    "      ' | SPY', np.std(invest_df.Close['SPY']), ' | COMT', np.std(invest_df.Close['COMT']), ' | PFF', np.std(invest_df.Close['PFF']), \n",
    "      ' | VNQ', np.std(invest_df.Close['VNQ']), ' | VXX', np.std(invest_df.Close['VXX']))\n",
    "\n",
    "prices_weight_map = {\n",
    "    'AGG': {'weight': 0, 'data': invest_df.Close['AGG']},\n",
    "    'COMT': {'weight': 0, 'data': invest_df.Close['COMT']},\n",
    "    'VXX': {'weight': 0, 'data': invest_df.Close['VXX']}\n",
    "}\n",
    "\n",
    "lowest, chosen = None, None\n",
    "for x in range(100):\n",
    "    for y in range(100 - x):\n",
    "        _1_count = x\n",
    "        _2_count = y\n",
    "        _3_count = 100 - y - x\n",
    "        prices_weight_map['AGG']['weight'] = _1_count / 100\n",
    "        prices_weight_map['COMT']['weight'] = _2_count / 100\n",
    "        prices_weight_map['VXX']['weight'] = _3_count / 100\n",
    "        std = portfolio_std(prices_weight_map)\n",
    "        # print(_1_count, _2_count, _3_count, ' : ', std)\n",
    "        if lowest == None or std < lowest:\n",
    "            lowest = std\n",
    "            chosen = _1_count, _2_count, _3_count\n",
    "\n",
    "print(chosen, lowest)\n",
    "\n",
    "# w1 = 0.55\n",
    "# w2 = 0.45\n",
    "# std1 = 0.18\n",
    "# std2 = 0.15\n",
    "# corr = -0.15\n",
    "\n",
    "# std = np.sqrt(w1**2 * std1**2 + w2**2 * std2**2 + 2*w1*w2*corr*std1*std2)\n",
    "# std\n"
   ]
  }
 ],
 "metadata": {
  "interpreter": {
   "hash": "b3ba2566441a7c06988d0923437866b63cedc61552a5af99d1f4fb67d367b25f"
  },
  "kernelspec": {
   "display_name": "Python 3.8.8 64-bit ('base': conda)",
   "language": "python",
   "name": "python3"
  },
  "language_info": {
   "codemirror_mode": {
    "name": "ipython",
    "version": 3
   },
   "file_extension": ".py",
   "mimetype": "text/x-python",
   "name": "python",
   "nbconvert_exporter": "python",
   "pygments_lexer": "ipython3",
   "version": "3.8.8"
  },
  "orig_nbformat": 4
 },
 "nbformat": 4,
 "nbformat_minor": 2
}
